{
  "asset": {
    "version": "2.0",
    "generator": "GLTFExporter"
  },
  "scenes": [
    {
      "name": "AuxScene",
      "nodes": [
        82
      ]
    }
  ],
  "scene": 0,
  "nodes": [
    {
      "rotation": [
        -0.7071067966408575,
        0,
        0,
        0.7071067657322372
      ],
      "translation": [
        0,
        2.035966396331787,
        0
      ],
      "scale": [
        100,
        100,
        100
      ],
      "name": "Object_7",
      "extras": {
        "transformData": {
          "inheritType": 1,
          "eulerOrder": "ZYX",
          "translation": [
            0,
            2.035966396331787,
            0
          ],
          "rotation": [
            -90.00000250447816,
            0,
            0
          ],
          "scale": [
            100,
            100,
            100
          ],
          "parentMatrixWorld": {
            "elements": [
              1,
              0,
              0,
              0,
              0,
              1,
              0,
              0,
              0,
              0,
              1,
              0,
              0.0000059604644775390625,
              -366.47241378429544,
              5.317344800320188,
              1
            ]
          }
        }
      },
      "mesh": 0,
      "skin": 0
    },
    {
      "rotation": [
        -0.7071067966408575,
        0,
        0,
        0.7071067657322372
      ],
      "translation": [
        0,
        2.035966396331787,
        0
      ],
      "scale": [
        100,
        100,
        100
      ],
      "name": "Object_8",
      "extras": {
        "transformData": {
          "inheritType": 1,
          "eulerOrder": "ZYX",
          "translation": [
            0,
            2.035966396331787,
            0
          ],
          "rotation": [
            -90.00000250447816,
            0,
            0
          ],
          "scale": [
            100,
            100,
            100
          ],
          "parentMatrixWorld": {
            "elements": [
              1,
              0,
              0,
              0,
              0,
              1,
              0,
              0,
              0,
              0,
              1,
              0,
              0.0000059604644775390625,
              -366.47241378429544,
              5.317344800320188,
              1
            ]
          }
        }
      },
      "mesh": 1,
      "skin": 1
    },
    {
      "rotation": [
        -0.7071067966408575,
        0,
        0,
        0.7071067657322372
      ],
      "scale": [
        100,
        100,
        100
      ],
      "name": "Character_16",
      "extras": {
        "transformData": {
          "inheritType": 1,
          "eulerOrder": "ZYX",
          "rotation": [
            -90.00000250447816,
            0,
            0
          ],
          "scale": [
            100,
            100,
            100
          ],
          "parentMatrixWorld": {
            "elements": [
              1,
              0,
              0,
              0,
              0,
              1,
              0,
              0,
              0,
              0,
              1,
              0,
              0.0000059604644775390625,
              -366.47241378429544,
              5.317344800320188,
              1
            ]
          }
        }
      }
    },
    {
      "name": "mixamorigHips"
    },
    {
      "name": "mixamorigSpine"
    },
    {
      "name": "mixamorigSpine1"
    },
    {
      "name": "mixamorigSpine2"
    },
    {
      "name": "mixamorigNeck"
    },
    {
      "name": "mixamorigHead"
    },
    {
      "translation": [
        0,
        31.330718994140625,
        3.807943344116211
      ],
      "name": "mixamorigHeadTop_End",
      "extras": {
        "transformData": {
          "eulerOrder": "ZYX",
          "translation": [
            0,
            31.330718994140625,
            3.807943344116211
          ],
          "parentMatrixWorld": {
            "elements": [
              0.9990954401436374,
              0.0013107775135065016,
              -0.04250392151584283,
              0,
              -0.008991013447680076,
              0.9834393967982609,
              -0.1810141277927598,
              0,
              0.041562761687578914,
              0.18123254300952693,
              0.9825616022170363,
              0,
              0,
              6.6151123046875,
              0.8040027618408203,
              1
            ]
          }
        }
      }
    },
    {
      "rotation": [
        -0.09095938809207686,
        0.02110896988004961,
        0.002586758354484522,
        0.9956274948650428
      ],
      "translation": [
        0,
        6.6151123046875,
        0.8040027618408203
      ],
      "name": "mixamorigHead",
      "extras": {
        "transformData": {
          "eulerOrder": "ZYX",
          "translation": [
            0,
            6.6151123046875,
            0.8040027618408203
          ],
          "parentMatrixWorld": {
            "elements": [
              0.9986153046470164,
              0.05211983459185511,
              -0.007141162403137629,
              0,
              -0.049746775772533794,
              0.9797328344110365,
              0.19403306926655023,
              0,
              0.01710940263678333,
              -0.1934091427799583,
              0.9809689966010032,
              0,
              0,
              12.803150511734486,
              -0.000005926578424464424,
              1
            ]
          }
        }
      },
      "children": [
        8,
        9
      ]
    },
    {
      "rotation": [
        0.09735691248567897,
        0.006093709113028813,
        0.025597155813440596,
        0.9949016514453983
      ],
      "translation": [
        0,
        12.803150511734486,
        -0.000005926578424464424
      ],
      "name": "mixamorigNeck",
      "extras": {
        "transformData": {
          "eulerOrder": "ZYX",
          "translation": [
            0,
            12.803150511734486,
            -0.000005926578424464424
          ],
          "preRotation": [
            4.470904466138455,
            0,
            0
          ],
          "parentMatrixWorld": {
            "elements": [
              0.99904373411188,
              -0.04310935078405251,
              0.007293918827124272,
              0,
              0.0428297438298193,
              0.9984719911556131,
              0.03491841911173431,
              0,
              -0.00878808399773363,
              -0.03457263115194138,
              0.9993635488574162,
              0,
              0,
              11.380638862894045,
              -3.481988741782516e-8,
              1
            ]
          }
        }
      },
      "children": [
        7,
        10
      ]
    },
    {
      "name": "mixamorigLeftShoulder"
    },
    {
      "name": "mixamorigLeftArm"
    },
    {
      "name": "mixamorigLeftForeArm"
    },
    {
      "name": "mixamorigLeftHand"
    },
    {
      "name": "mixamorigLeftHandThumb1"
    },
    {
      "name": "mixamorigLeftHandThumb2"
    },
    {
      "name": "mixamorigLeftHandThumb3"
    },
    {
      "rotation": [
        -5.9606363223828525e-9,
        5.5511151073685326e-17,
        -4.163336278826121e-17,
        1
      ],
      "translation": [
        0.8895728168234314,
        2.3614351358514654,
        -8.623658231954323e-9
      ],
      "scale": [
        1,
        0.9999999999999999,
        0.9999999999999999
      ],
      "name": "mixamorigLeftHandThumb4",
      "extras": {
        "transformData": {
          "eulerOrder": "ZYX",
          "translation": [
            0.8895728168234314,
            2.3614351358514654,
            -8.623658231954323e-9
          ],
          "preRotation": [
            -6.830386089698354e-7,
            6.36110931643336e-15,
            -4.77083198732502e-15
          ],
          "parentMatrixWorld": {
            "elements": [
              0.9788421424336257,
              0.0765512056138885,
              0.18975766945163786,
              0,
              -0.07760625134515432,
              0.9969823225526698,
              -0.0018757051307552346,
              0,
              -0.18932862950121834,
              -0.012890362161125544,
              0.981829164679453,
              0,
              0.2889630306958111,
              3.1650555852168125,
              6.214116865521646e-8,
              1
            ]
          }
        }
      }
    },
    {
      "rotation": [
        0.002768356981249598,
        -0.09527724733585549,
        0.03874499868743557,
        0.9946926195730769
      ],
      "translation": [
        0.2889630306958111,
        3.1650555852168125,
        6.214116865521646e-8
      ],
      "scale": [
        1,
        0.9999999999999999,
        0.9999999999999999
      ],
      "name": "mixamorigLeftHandThumb3",
      "extras": {
        "transformData": {
          "eulerOrder": "ZYX",
          "translation": [
            0.2889630306958111,
            3.1650555852168125,
            6.214116865521646e-8
          ],
          "preRotation": [
            6.75087076684286,
            -3.1805546814635168e-15,
            3.1805546814635168e-15
          ],
          "parentMatrixWorld": {
            "elements": [
              0.9776652597993251,
              0.20919185158093723,
              0.020233876931389987,
              0,
              -0.20932024996811693,
              0.9605588142687184,
              0.1830622807396827,
              0,
              0.01885930796239717,
              -0.1832089924334188,
              0.9828930726067641,
              0,
              -1.1785355741318995,
              3.6562958972597315,
              9.726022653921973e-8,
              1
            ]
          }
        }
      },
      "children": [
        18,
        19
      ]
    },
    {
      "rotation": [
        0.09248428640023479,
        -0.0003470816291539375,
        0.10567520823107068,
        0.9900905532968778
      ],
      "translation": [
        -1.1785355741318995,
        3.6562958972597315,
        9.726022653921973e-8
      ],
      "name": "mixamorigLeftHandThumb2",
      "extras": {
        "transformData": {
          "eulerOrder": "ZYX",
          "translation": [
            -1.1785355741318995,
            3.6562958972597315,
            9.726022653921973e-8
          ],
          "preRotation": [
            2.6147270802442755,
            0,
            0
          ],
          "parentMatrixWorld": {
            "elements": [
              0.9993068888094699,
              0.013605920864574284,
              -0.03464997652188899,
              0,
              -0.010207183179441044,
              0.995286362586726,
              0.09644101673100561,
              0,
              0.03579881795648918,
              -0.09602049371876668,
              0.9947353965999217,
              0,
              -2.8230644206308853,
              3.884443123781338,
              1.7571608168509556e-8,
              1
            ]
          }
        }
      },
      "children": [
        17,
        20
      ]
    },
    {
      "rotation": [
        0.04817968872570229,
        0.0176357391207061,
        0.005961233172036442,
        0.9986651820516037
      ],
      "translation": [
        -2.8230644206308853,
        3.884443123781338,
        1.7571608168509556e-8
      ],
      "scale": [
        0.9999999999999999,
        0.9999999999999999,
        1
      ],
      "name": "mixamorigLeftHandThumb1",
      "extras": {
        "transformData": {
          "eulerOrder": "ZYX",
          "translation": [
            -2.8230644206308853,
            3.884443123781338,
            1.7571608168509556e-8
          ],
          "preRotation": [
            -0.0002787204007366712,
            0.0000044185251356492714,
            18.14226932836161
          ],
          "parentMatrixWorld": {
            "elements": [
              0.39673071255417103,
              0.18761597465983776,
              -0.8985571711143414,
              0,
              -0.09726182558360762,
              0.9819710407178509,
              0.1620895201275683,
              0,
              0.9127677037410518,
              0.02308941973027054,
              0.40782594284752605,
              0,
              1.202568711278218e-9,
              30.10427910211584,
              -1.214090161738568e-8,
              1
            ]
          }
        }
      },
      "children": [
        16,
        21
      ]
    },
    {
      "name": "mixamorigLeftHandIndex1"
    },
    {
      "name": "mixamorigLeftHandIndex2"
    },
    {
      "name": "mixamorigLeftHandIndex3"
    },
    {
      "rotation": [
        -4.29048567634478e-10,
        0,
        0,
        1
      ],
      "translation": [
        -1.2884682472440545,
        2.294747677369628,
        5.303529349021119e-8
      ],
      "name": "mixamorigLeftHandIndex4",
      "extras": {
        "transformData": {
          "eulerOrder": "ZYX",
          "translation": [
            -1.2884682472440545,
            2.294747677369628,
            5.303529349021119e-8
          ],
          "preRotation": [
            -4.9165344263177684e-8,
            0,
            0
          ],
          "parentMatrixWorld": {
            "elements": [
              0.9892562530919699,
              0.13749316509767098,
              -0.049675898076538376,
              0,
              -0.10836244134546344,
              0.917728654653831,
              0.3821409354094039,
              0,
              0.0981307627807765,
              -0.37265230813903166,
              0.9227679056048909,
              0,
              -1.1559087543773785,
              3.0962258685278243,
              -8.365771009266609e-8,
              1
            ]
          }
        }
      }
    },
    {
      "rotation": [
        0.19284689058502325,
        0.037764056843016924,
        0.06281520090529426,
        0.9784877024185916
      ],
      "translation": [
        -1.1559087543773785,
        3.0962258685278243,
        -8.365771009266609e-8
      ],
      "scale": [
        1,
        0.9999999999999999,
        0.9999999999999999
      ],
      "name": "mixamorigLeftHandIndex3",
      "extras": {
        "transformData": {
          "eulerOrder": "ZYX",
          "translation": [
            -1.1559087543773785,
            3.0962258685278243,
            -8.365771009266609e-8
          ],
          "preRotation": [
            13.062190834910568,
            0,
            -3.1805546814635168e-15
          ],
          "parentMatrixWorld": {
            "elements": [
              0.7288732927770896,
              -0.6407979088262743,
              -0.24108454214845393,
              0,
              0.6844861323914765,
              0.6896991624333215,
              0.2362070961750016,
              0,
              0.014914790739863277,
              -0.3371840710406442,
              0.9413205882231798,
              0,
              2.444377305201158,
              3.631573988831068,
              -1.6569089211770915e-7,
              1
            ]
          }
        }
      },
      "children": [
        25,
        26
      ]
    },
    {
      "rotation": [
        0.1564077540601712,
        0.06983065486062,
        -0.3615066157806689,
        0.9165005447796695
      ],
      "translation": [
        2.444377305201158,
        3.631573988831068,
        -1.6569089211770915e-7
      ],
      "scale": [
        1,
        0.9999999999999999,
        0.9999999999999999
      ],
      "name": "mixamorigLeftHandIndex2",
      "extras": {
        "transformData": {
          "eulerOrder": "ZYX",
          "translation": [
            2.444377305201158,
            3.631573988831068,
            -1.6569089211770915e-7
          ],
          "preRotation": [
            68.29163257742682,
            -3.1805546814635168e-15,
            0
          ],
          "parentMatrixWorld": {
            "elements": [
              0.7052377924732416,
              0.6515760036100053,
              0.27944294368445977,
              0,
              -0.7010042790505229,
              0.6997840968543336,
              0.1374598471101039,
              0,
              -0.10598418753888895,
              -0.29283258072538804,
              0.9502717664809278,
              0,
              5.135632363817422e-8,
              7.074399467261145,
              0.41598859275501354,
              1
            ]
          }
        }
      },
      "children": [
        24,
        27
      ]
    },
    {
      "rotation": [
        0.11745417099658487,
        -0.10520757803048733,
        0.3692051858903639,
        0.9158730255905583
      ],
      "translation": [
        5.135632363817422e-8,
        7.074399467261145,
        0.41598859275501354
      ],
      "name": "mixamorigLeftHandIndex1",
      "extras": {
        "transformData": {
          "eulerOrder": "ZYX",
          "translation": [
            5.135632363817422e-8,
            7.074399467261145,
            0.41598859275501354
          ],
          "preRotation": [
            -14.009438773532095,
            5.62843272729134e-7,
            24.10385456283292
          ],
          "parentMatrixWorld": {
            "elements": [
              0.39673071255417103,
              0.18761597465983776,
              -0.8985571711143414,
              0,
              -0.09726182558360762,
              0.9819710407178509,
              0.1620895201275683,
              0,
              0.9127677037410518,
              0.02308941973027054,
              0.40782594284752605,
              0,
              1.202568711278218e-9,
              30.10427910211584,
              -1.214090161738568e-8,
              1
            ]
          }
        }
      },
      "children": [
        23,
        28
      ]
    },
    {
      "rotation": [
        0.041634507889471754,
        0.5425436354147365,
        0.08532905363283941,
        0.8346447901240066
      ],
      "translation": [
        1.202568711278218e-9,
        30.10427910211584,
        -1.214090161738568e-8
      ],
      "scale": [
        1,
        0.9999999999999999,
        1
      ],
      "name": "mixamorigLeftHand",
      "extras": {
        "transformData": {
          "eulerOrder": "ZYX",
          "translation": [
            1.202568711278218e-9,
            30.10427910211584,
            -1.214090161738568e-8
          ],
          "preRotation": [
            1.0859795325774138,
            46.966232149334544,
            8.264740672395494
          ],
          "parentMatrixWorld": {
            "elements": [
              0.9106052771774749,
              0.41320992067030815,
              0.007455922169284142,
              0,
              -0.41321301429339236,
              0.9099978075122589,
              0.034044019762941045,
              0,
              0.007282453867035927,
              -0.03408154812634597,
              0.9993925224574838,
              0,
              -4.960121202657319e-9,
              20.39121414679934,
              -1.0759890756162349e-8,
              1
            ]
          }
        }
      },
      "children": [
        15,
        22,
        29
      ]
    },
    {
      "rotation": [
        0.01742804641757361,
        -0.000044377077758422414,
        0.21141750032089934,
        0.9772404527881056
      ],
      "translation": [
        -4.960121202657319e-9,
        20.39121414679934,
        -1.0759890756162349e-8
      ],
      "scale": [
        0.9999999999999999,
        1,
        1
      ],
      "name": "mixamorigLeftForeArm",
      "extras": {
        "transformData": {
          "eulerOrder": "ZYX",
          "translation": [
            -4.960121202657319e-9,
            20.39121414679934,
            -1.0759890756162349e-8
          ],
          "preRotation": [
            -0.7214112054442028,
            -2.6695016792074166e-7,
            0.8284729992778785
          ],
          "parentMatrixWorld": {
            "elements": [
              0.9898966761686824,
              -0.10450996652331732,
              -0.09582399117306986,
              0,
              0.14167241639556064,
              0.701432187472331,
              0.6985140006979589,
              0,
              -0.005787643707447643,
              -0.7050323039660807,
              0.7091515705399899,
              0,
              6.255262974264042e-10,
              8.094443206810254,
              6.754419246135512e-9,
              1
            ]
          }
        }
      },
      "children": [
        14,
        30
      ]
    },
    {
      "rotation": [
        0.38056304279197994,
        0.024412807927697757,
        -0.06675085561057723,
        0.9220195781275811
      ],
      "translation": [
        6.255262974264042e-10,
        8.094443206810254,
        6.754419246135512e-9
      ],
      "scale": [
        1,
        1,
        0.9999999999999999
      ],
      "name": "mixamorigLeftArm",
      "extras": {
        "transformData": {
          "eulerOrder": "ZYX",
          "translation": [
            6.255262974264042e-10,
            8.094443206810254,
            6.754419246135512e-9
          ],
          "preRotation": [
            -16.93425815915734,
            1.2447764525134942e-7,
            0.8618509309053103
          ],
          "parentMatrixWorld": {
            "elements": [
              0.09291115491889357,
              0.016842763937294725,
              -0.995531934152689,
              0,
              0.8452936806927236,
              -0.5297062072825951,
              0.06992793495842597,
              0,
              -0.5261616709679539,
              -0.8480139409287766,
              -0.06345269235355655,
              0,
              3.874485656619072,
              11.655695372720118,
              -0.09067621531443848,
              1
            ]
          }
        }
      },
      "children": [
        13,
        31
      ]
    },
    {
      "rotation": [
        0.6492438013864755,
        0.3319771566509012,
        -0.5859484533664512,
        0.35346578354961417
      ],
      "translation": [
        3.874485656619072,
        11.655695372720118,
        -0.09067621531443848
      ],
      "name": "mixamorigLeftShoulder",
      "extras": {
        "transformData": {
          "eulerOrder": "ZYX",
          "translation": [
            3.874485656619072,
            11.655695372720118,
            -0.09067621531443848
          ],
          "preRotation": [
            -73.48479038931372,
            88.67387625066685,
            -179.79084283196661
          ],
          "parentMatrixWorld": {
            "elements": [
              0.99904373411188,
              -0.04310935078405251,
              0.007293918827124272,
              0,
              0.0428297438298193,
              0.9984719911556131,
              0.03491841911173431,
              0,
              -0.00878808399773363,
              -0.03457263115194138,
              0.9993635488574162,
              0,
              0,
              11.380638862894045,
              -3.481988741782516e-8,
              1
            ]
          }
        }
      },
      "children": [
        12,
        32
      ]
    },
    {
      "name": "mixamorigRightShoulder"
    },
    {
      "name": "mixamorigRightArm"
    },
    {
      "name": "mixamorigRightForeArm"
    },
    {
      "name": "mixamorigRightHand"
    },
    {
      "name": "mixamorigRightHandThumb1"
    },
    {
      "name": "mixamorigRightHandThumb2"
    },
    {
      "name": "mixamorigRightHandThumb3"
    },
    {
      "rotation": [
        1.1721985321056197e-9,
        2.7755577007626446e-17,
        -2.775557707269654e-17,
        1
      ],
      "translation": [
        -1.0666829941241645,
        2.2239494677683807,
        -1.6541548575332854e-8
      ],
      "name": "mixamorigRightHandThumb4",
      "extras": {
        "transformData": {
          "eulerOrder": "ZYX",
          "translation": [
            -1.0666829941241645,
            2.2239494677683807,
            -1.6541548575332854e-8
          ],
          "preRotation": [
            1.3432405728216467e-7,
            3.180554844702926e-15,
            -3.180554844702926e-15
          ],
          "parentMatrixWorld": {
            "elements": [
              0.8819379715249797,
              -0.4707590552903262,
              -0.023902476845990422,
              0,
              0.47068728255704967,
              0.8822552505061954,
              -0.008897029972356075,
              0,
              0.025276443109615403,
              -0.0034039631943495693,
              0.9996747043234789,
              0,
              -0.024944563093242778,
              3.1628469302432904,
              5.138684855410247e-8,
              1
            ]
          }
        }
      }
    },
    {
      "rotation": [
        -0.0014156884637260088,
        0.012674528174027146,
        -0.24263217134806334,
        0.9700345306814673
      ],
      "translation": [
        -0.024944563093242778,
        3.1628469302432904,
        5.138684855410247e-8
      ],
      "name": "mixamorigRightHandThumb3",
      "extras": {
        "transformData": {
          "eulerOrder": "ZYX",
          "translation": [
            -0.024944563093242778,
            3.1628469302432904,
            5.138684855410247e-8
          ],
          "preRotation": [
            -6.5355868384198805,
            0,
            -1.5902773407317588e-15
          ],
          "parentMatrixWorld": {
            "elements": [
              0.9926446956371117,
              0.11344111530552398,
              -0.04228027414462735,
              0,
              -0.10177647952542734,
              0.9710765890770174,
              0.21599029228637961,
              0,
              0.06555956405373896,
              -0.21009848049137397,
              0.9754796625539148,
              0,
              1.091627519926078,
              3.787811757593042,
              1.6221520127146505e-7,
              1
            ]
          }
        }
      },
      "children": [
        40,
        41
      ]
    },
    {
      "rotation": [
        0.10734109651733977,
        0.027167217772487418,
        0.054218027075378095,
        0.9923710177232158
      ],
      "translation": [
        1.091627519926078,
        3.787811757593042,
        1.6221520127146505e-7
      ],
      "name": "mixamorigRightHandThumb2",
      "extras": {
        "transformData": {
          "eulerOrder": "ZYX",
          "translation": [
            1.091627519926078,
            3.787811757593042,
            1.6221520127146505e-7
          ],
          "preRotation": [
            3.8526212706313023,
            0,
            0
          ],
          "parentMatrixWorld": {
            "elements": [
              0.992296613554445,
              -0.12172041499717111,
              -0.0230558300934197,
              0,
              0.11846786550959895,
              0.9867609999388082,
              -0.11076142758814074,
              0,
              0.03623252088910969,
              0.10717681452944854,
              0.9935795563805349,
              0,
              3.027532475941314,
              3.887675776365583,
              0.000011716574249476253,
              1
            ]
          }
        }
      },
      "children": [
        39,
        42
      ]
    },
    {
      "rotation": [
        -0.05467187859197377,
        0.01487304612233343,
        -0.06025351211191245,
        0.9965737767312801
      ],
      "translation": [
        3.027532475941314,
        3.887675776365583,
        0.000011716574249476253
      ],
      "scale": [
        0.9999999999999999,
        1,
        1
      ],
      "name": "mixamorigRightHandThumb1",
      "extras": {
        "transformData": {
          "eulerOrder": "ZYX",
          "translation": [
            3.027532475941314,
            3.887675776365583,
            0.000011716574249476253
          ],
          "preRotation": [
            0.0000037487300453218893,
            0.0000018199837386530294,
            -21.832891337026055
          ],
          "parentMatrixWorld": {
            "elements": [
              0.4318304234982667,
              -0.0442256562328258,
              0.9008699195212956,
              0,
              -0.06749825143370039,
              0.9944118511107054,
              0.08117300518297654,
              0,
              -0.8994256537485034,
              -0.09586011708640091,
              0.42643213632672194,
              0,
              4.71221284215062e-10,
              30.1040816654354,
              1.322644038737053e-8,
              1
            ]
          }
        }
      },
      "children": [
        38,
        43
      ]
    },
    {
      "name": "mixamorigRightHandIndex1"
    },
    {
      "name": "mixamorigRightHandIndex2"
    },
    {
      "name": "mixamorigRightHandIndex3"
    },
    {
      "rotation": [
        -1.5036354952437299e-9,
        -2.7755574475932456e-17,
        4.857225516333633e-17,
        1
      ],
      "translation": [
        0.18322850484162245,
        2.4167069597847046,
        1.4382123936229618e-8
      ],
      "name": "mixamorigRightHandIndex4",
      "extras": {
        "transformData": {
          "eulerOrder": "ZYX",
          "translation": [
            0.18322850484162245,
            2.4167069597847046,
            1.4382123936229618e-8
          ],
          "preRotation": [
            -1.7230393560705817e-7,
            -3.180554542494732e-15,
            5.56597044936578e-15
          ],
          "parentMatrixWorld": {
            "elements": [
              0.9312490873374436,
              -0.36318985393074177,
              -0.029466442161251563,
              0,
              0.3567861779618502,
              0.8924203079731037,
              0.27620576243419276,
              0,
              -0.07401867620574494,
              -0.2677295837001305,
              0.9606467133159231,
              0,
              0.3267820517287987,
              2.3241206202728506,
              4.0793281641526846e-8,
              1
            ]
          }
        }
      }
    },
    {
      "rotation": [
        0.1398052807017825,
        -0.01145106239325687,
        -0.1850522345213479,
        0.9726659526090922
      ],
      "translation": [
        0.3267820517287987,
        2.3241206202728506,
        4.0793281641526846e-8
      ],
      "name": "mixamorigRightHandIndex3",
      "extras": {
        "transformData": {
          "eulerOrder": "ZYX",
          "translation": [
            0.3267820517287987,
            2.3241206202728506,
            4.0793281641526846e-8
          ],
          "preRotation": [
            3.964773955690993,
            -3.1805546814635168e-15,
            -7.951386703658792e-16
          ],
          "parentMatrixWorld": {
            "elements": [
              0.9920421057698632,
              0.12579514700606304,
              0.005295429999287268,
              0,
              -0.1250806675039831,
              0.9798533323861673,
              0.15569930686666145,
              0,
              0.014397472205647372,
              -0.1551226241775318,
              0.9877903039530878,
              0,
              -0.5100105288830719,
              3.1446120784514733,
              2.6081187343152124e-7,
              1
            ]
          }
        }
      },
      "children": [
        47,
        48
      ]
    },
    {
      "rotation": [
        0.07810004710403184,
        0.0022870648884764093,
        0.06303742102326469,
        0.994947962803941
      ],
      "translation": [
        -0.5100105288830719,
        3.1446120784514733,
        2.6081187343152124e-7
      ],
      "name": "mixamorigRightHandIndex2",
      "extras": {
        "transformData": {
          "eulerOrder": "ZYX",
          "translation": [
            -0.5100105288830719,
            3.1446120784514733,
            2.6081187343152124e-7
          ],
          "preRotation": [
            -15.737894276566315,
            0,
            7.951386703658792e-16
          ],
          "parentMatrixWorld": {
            "elements": [
              0.8803950743897485,
              -0.43971236343327086,
              0.17764445064602855,
              0,
              0.3697429735694168,
              0.8709973292852066,
              0.3235023745160458,
              0,
              -0.29697583554465784,
              -0.21912710983673733,
              0.9294023149744275,
              0,
              8.547124252800131e-8,
              8.111694768081463,
              -0.6938834553540119,
              1
            ]
          }
        }
      },
      "children": [
        46,
        49
      ]
    },
    {
      "rotation": [
        0.14141731694714266,
        -0.12369310805480488,
        -0.21095610402372367,
        0.9592698689008521
      ],
      "translation": [
        8.547124252800131e-8,
        8.111694768081463,
        -0.6938834553540119
      ],
      "name": "mixamorigRightHandIndex1",
      "extras": {
        "transformData": {
          "eulerOrder": "ZYX",
          "translation": [
            8.547124252800131e-8,
            8.111694768081463,
            -0.6938834553540119
          ],
          "preRotation": [
            45.53382601482405,
            -0.000001777838473396145,
            -28.24939586847504
          ],
          "parentMatrixWorld": {
            "elements": [
              0.4318304234982667,
              -0.0442256562328258,
              0.9008699195212956,
              0,
              -0.06749825143370039,
              0.9944118511107054,
              0.08117300518297654,
              0,
              -0.8994256537485034,
              -0.09586011708640091,
              0.42643213632672194,
              0,
              4.71221284215062e-10,
              30.1040816654354,
              1.322644038737053e-8,
              1
            ]
          }
        }
      },
      "children": [
        45,
        50
      ]
    },
    {
      "rotation": [
        0.05240810066401794,
        -0.5329515201417754,
        0.006889515907336798,
        0.8444931223720338
      ],
      "translation": [
        4.71221284215062e-10,
        30.1040816654354,
        1.322644038737053e-8
      ],
      "name": "mixamorigRightHand",
      "extras": {
        "transformData": {
          "eulerOrder": "ZYX",
          "translation": [
            4.71221284215062e-10,
            30.1040816654354,
            1.322644038737053e-8
          ],
          "preRotation": [
            -2.993234560396146,
            -44.78367636691451,
            -0.9900310739948138
          ],
          "parentMatrixWorld": {
            "elements": [
              0.878135330487567,
              -0.4783032253195569,
              -0.010215744744180504,
              0,
              0.4783053448269055,
              0.8772872994280037,
              0.03988717566958957,
              0,
              -0.010116022033587191,
              -0.03991258350183471,
              0.9991519662917692,
              0,
              9.499991904249327e-10,
              20.3906288010725,
              -7.748838015686488e-9,
              1
            ]
          }
        }
      },
      "children": [
        37,
        44,
        51
      ]
    },
    {
      "rotation": [
        0.0205916534534883,
        0.00002573260269581577,
        -0.24684475707223283,
        0.9688362247314567
      ],
      "translation": [
        9.499991904249327e-10,
        20.3906288010725,
        -7.748838015686488e-9
      ],
      "name": "mixamorigRightForeArm",
      "extras": {
        "transformData": {
          "eulerOrder": "ZYX",
          "translation": [
            9.499991904249327e-10,
            20.3906288010725,
            -7.748838015686488e-9
          ],
          "preRotation": [
            -0.750928789799264,
            1.3267597277414732e-7,
            -0.4656173669698561
          ],
          "parentMatrixWorld": {
            "elements": [
              0.980354807498087,
              -0.09586218628829964,
              0.172380084812265,
              0,
              -0.0801641849292858,
              0.6048682911121488,
              0.7922802999334798,
              0,
              -0.18021696883057267,
              -0.7905345099665725,
              0.585300823063659,
              0,
              2.554457978476421e-9,
              8.094444195222081,
              -3.182947239110945e-8,
              1
            ]
          }
        }
      },
      "children": [
        36,
        52
      ]
    },
    {
      "rotation": [
        0.44446194812443707,
        -0.09901093443453955,
        -0.004408073655899092,
        0.8902982677028337
      ],
      "translation": [
        2.554457978476421e-9,
        8.094444195222081,
        -3.182947239110945e-8
      ],
      "name": "mixamorigRightArm",
      "extras": {
        "transformData": {
          "eulerOrder": "ZYX",
          "translation": [
            2.554457978476421e-9,
            8.094444195222081,
            -3.182947239110945e-8
          ],
          "preRotation": [
            -16.919032446409116,
            -2.425806780650934e-7,
            -1.0537943991534673
          ],
          "parentMatrixWorld": {
            "elements": [
              0.06362390757178547,
              -0.01493239888611053,
              0.9978622308566197,
              0,
              -0.8726601961316678,
              -0.4859265355942359,
              0.04836941013612244,
              0,
              0.4841654576630627,
              -0.8738720965982284,
              -0.04394746243015723,
              0,
              -3.874485805630684,
              11.655547730263436,
              -0.08878798146511002,
              1
            ]
          }
        }
      },
      "children": [
        35,
        53
      ]
    },
    {
      "rotation": [
        0.6311691345424336,
        -0.351566856822474,
        0.5870168578482847,
        0.3652909562042076
      ],
      "translation": [
        -3.874485805630684,
        11.655547730263436,
        -0.08878798146511002
      ],
      "scale": [
        0.9999999999999999,
        0.9999999999999999,
        0.9999999999999999
      ],
      "name": "mixamorigRightShoulder",
      "extras": {
        "transformData": {
          "eulerOrder": "ZYX",
          "translation": [
            -3.874485805630684,
            11.655547730263436,
            -0.08878798146511002
          ],
          "preRotation": [
            -73.47880228332974,
            -88.70173899462608,
            179.7870304914416
          ],
          "parentMatrixWorld": {
            "elements": [
              0.99904373411188,
              -0.04310935078405251,
              0.007293918827124272,
              0,
              0.0428297438298193,
              0.9984719911556131,
              0.03491841911173431,
              0,
              -0.00878808399773363,
              -0.03457263115194138,
              0.9993635488574162,
              0,
              0,
              11.380638862894045,
              -3.481988741782516e-8,
              1
            ]
          }
        }
      },
      "children": [
        34,
        54
      ]
    },
    {
      "rotation": [
        0.017379543282625844,
        -0.004022069937141645,
        -0.02149315931827536,
        0.9996098449426056
      ],
      "translation": [
        0,
        11.380638862894045,
